0 0 0 0 0 0 0 0 0 0 0 0 0 0 0 0 0 0 0 0 0 0 0 0 0 0 0 0 0 0 0 0 0 0 0 0 0 0 0 0 0 0 0 0 0 0 0 0 0 0 0 0 0 0 0 0 0 0 0 0 0 0 0 0 0 0 0 0 0 0 0 0 0 0 0 0 0 0 0 0 0 0 0 0 0 0 0 0 0 0 0 0 0 0 0 0 0 0 0 0;
0 0 0 0 0 0 0 0 0 0 0 0 0 0 0 0 0 0 0 0 0 0 0 0 0 0 0 0 0 0 0 0 0 0 0 0 0 0 0 0 0 0 0 0 0 0 0 0 0 0 0 0 0 0 0 0 0 0 0 0 0 0 0 0 0 0 0 0 0 0 0 0 0 0 0 0 0 0 0 0 0 0 0 0 0 0 0 0 0 0 0 0 0 0 0 0 0 0 0 0;
0 0 0 0 0 0 0 0 0 0 0 0 0 0 0 0 0 0 0 0 0 0 0 0 0 0 0 0 0 0 0 0 0 0 0 0 0 0 0 0 0 0 0 0 0 0 0 0 0 0 0 0 0 0 0 0 0 0 0 0 0 0 0 0 0 0 0 0 0 0 0 0 0 0 0 0 0 0 0 0 0 0 0 0 0 0 0 0 0 0 0 0 0 0 0 0 0 0 0 0;
0 0 0 0 0 0 0 0 0 0 0 0 0 0 0 0 0 0 0 0 0 0 0 0 0 0 0 0 0 0 0 0 0 0 0 0 0 0 0 0 0 0 0 0 0 0 0 0 0 0 0 0 0 0 0 0 0 0 0 0 0 0 0 0 0 0 0 0 0 0 0 0 0 0 0 0 0 0 0 0 0 0 0 0 0 0 0 0 0 0 0 0 0 0 0 0 0 0 0 0;
0 0 0 0 0 0 0 0 0 0 0 0 0 0 0 0 0 0 0 0 0 0 0 0 0 0 0 0 0 0 0 0 0 0 0 0 0 0 0 0 0 0 0 0 0 0 0 0 0 0 0 0 0 0 0 0 0 0 0 0 0 0 0 0 0 0 0 0 0 0 0 0 0 0 0 0 0 0 0 0 0 0 0 0 0 0 0 0 0 0 0 0 0 0 0 0 0 0 0 0;
0 0 0 0 0 0 0 0 0 0 0 0 0 0 0 0 0 0 0 0 0 0 0 0 0 0 0 0 0 0 0 0 0 0 0 0 0 0 0 0 0 0 0 0 0 0 0 0 0 0 0 0 0 0 0 0 0 0 0 0 0 0 0 0 0 0 0 0 0 0 0 0 0 0 0 0 0 0 0 0 0 0 0 0 0 0 0 0 0 0 0 0 0 0 0 0 0 0 0 0;
0 0 0 0 0 0 0 0 0 0 0 0 0 0 0 0 0 0 0 0 0 0 0 0 0 0 0 0 0 0 0 0 0 0 0 0 0 0 0 0 0 0 0 0 0 0 0 0 0 0 0 0 0 0 0 0 0 0 0 0 0 0 0 0 0 0 0 0 0 0 0 0 0 0 0 0 0 0 0 0 0 0 0 0 0 0 0 0 0 0 0 0 0 0 0 0 0 0 0 0;
0 0 0 0 0 0 0 0 0 0 0 0 0 0 0 0 0 0 0 0 0 0 0 0 0 0 0 0 0 0 0 0 0 0 0 0 0 0 0 0 0 0 0 0 0 0 0 0 0 0 0 0 0 0 0 0 0 0 0 0 0 0 0 0 0 0 0 0 0 0 0 0 0 0 0 0 0 0 0 0 0 0 0 0 0 0 0 0 0 0 0 0 0 0 0 0 0 0 0 0;
0 0 0 0 0 0 0 0 0 0 0 0 0 0 0 0 0 0 0 0 0 0 0 0 0 0 0 0 0 0 0 0 0 0 0 0 0 0 0 0 0 0 0 0 0 0 0 0 0 0 0 0 0 0 0 0 0 0 0 0 0 0 0 0 0 0 0 0 0 0 0 0 0 0 0 0 0 0 0 0 0 0 0 0 0 0 0 0 0 0 0 0 0 0 0 0 0 0 0 0;
0 0 0 0 0 0 0 0 0 0 0 0 0 0 0 0 0 0 0 0 0 0 0 0 0 0 0 0 0 0 0 0 0 0 0 0 0 0 0 0 0 0 0 0 0 0 0 0 0 0 0 0 0 0 0 0 0 0 0 0 0 0 0 0 0 0 0 0 0 0 0 0 0 0 0 0 108 57 0 0 0 0 0 0 0 0 0 0 0 0 0 0 0 0 0 0 0 0 0 0;
0 0 0 0 0 0 0 0 0 0 0 0 0 0 0 0 0 0 0 0 0 0 0 0 0 0 0 0 0 0 0 0 0 0 0 0 0 0 0 0 0 0 0 0 0 0 0 0 0 0 0 0 0 0 0 0 0 0 0 0 0 0 0 0 0 0 0 0 0 0 0 0 0 0 0 0 207 8 10 1 0 0 0 0 0 0 1 0 0 0 0 0 0 0 0 0 0 8 324 1263;
0 0 0 0 0 0 0 0 0 0 0 0 0 0 0 0 0 0 0 0 0 0 0 0 0 0 0 0 0 0 0 0 0 0 0 0 0 0 0 0 0 0 0 0 0 0 0 0 0 0 0 0 0 0 0 0 0 0 0 0 0 0 0 0 0 0 0 0 0 0 0 0 0 0 0 0 0 0 0 4 4 0 0 4 1 1 4 0 0 0 0 0 0 0 3 33 128 266 1611 1250;
0 0 0 0 0 0 0 0 0 0 0 0 0 0 0 0 0 0 0 0 0 0 0 0 0 0 0 0 0 0 0 0 0 0 0 0 0 0 0 0 0 0 0 0 0 0 0 0 0 0 0 0 0 0 0 0 0 0 0 0 0 0 0 0 0 0 0 0 0 0 0 0 0 0 0 0 0 2 61 6 3 9 5 0 0 0 2 3 0 5 9 14 54 132 54 33 117 13 46 1148;
0 0 0 0 0 0 0 0 0 0 0 0 0 0 0 0 0 0 0 0 0 0 0 0 0 0 0 0 0 0 0 0 0 0 0 0 0 0 0 0 0 0 0 0 0 0 0 0 0 0 0 0 0 0 0 0 0 0 0 0 0 0 0 0 0 0 0 0 0 0 2 9 4 8 2 3 12 8 5 4 2 0 0 0 0 5 10 15 18 24 83 48 18 4 2 65 96 134 435 1920;
0 0 0 0 0 0 0 0 0 0 0 0 0 0 0 0 0 0 0 0 0 0 0 0 0 0 0 0 0 0 0 0 0 0 0 0 0 0 0 0 0 0 0 0 0 0 0 0 0 0 0 0 0 0 0 0 0 0 0 0 0 0 0 0 0 0 0 0 6 8 11 13 11 12 3 7 19 20 25 15 23 43 19 23 15 11 3 1 0 5 15 40 97 75 174 166 155 146 27 0;
0 0 0 0 0 0 0 0 0 0 0 0 0 0 0 0 0 0 0 0 0 0 0 0 0 0 0 0 0 0 0 0 0 0 0 0 0 0 0 0 0 0 0 0 0 0 0 0 0 0 0 0 0 0 0 0 0 0 0 0 0 0 16 3 0 0 4 6 3 0 0 0 11 73 187 104 28 16 112 23 3 21 12 7 0 0 0 29 62 61 122 284 220 156 55 0 0 0 0 0;
0 0 0 0 0 0 0 0 0 0 0 0 0 0 0 0 0 0 0 0 0 0 0 0 0 0 0 0 0 0 0 0 0 0 0 0 0 0 0 0 0 0 0 0 0 0 0 0 0 0 0 0 0 0 0 0 0 0 4 4 32 24 7 15 43 20 20 0 0 15 26 27 24 5 2 7 69 24 10 13 15 4 4 30 72 43 45 31 29 191 207 10 0 0 0 0 0 0 0 0;
0 0 0 0 0 0 0 0 0 0 0 0 0 0 0 0 0 0 0 0 0 0 0 0 0 0 0 0 0 0 0 0 0 0 0 0 0 0 0 0 0 0 0 0 0 0 0 0 0 0 0 0 0 0 0 3 0 6 35 47 24 79 77 16 17 58 86 102 44 47 18 0 0 0 0 1 18 61 12 49 54 101 107 259 88 124 27 172 239 27 12 16 8 0 1 0 0 1 6 0;
0 0 0 0 0 0 0 0 0 0 0 0 0 0 0 0 0 0 0 0 0 0 0 0 0 0 0 0 0 0 0 0 0 0 0 0 0 0 0 0 0 0 0 0 0 0 0 0 0 0 0 0 0 0 1 0 25 57 23 86 35 27 71 164 65 440 66 193 48 6 0 0 0 0 9 72 129 102 78 27 37 16 3 2 7 4 128 159 36 29 39 46 29 57 23 16 22 24 28 16;
0 0 0 0 0 0 0 0 0 0 0 0 0 0 0 0 0 0 0 0 0 0 4 1 0 0 0 0 0 1 0 0 0 0 0 0 0 0 0 0 0 0 0 0 0 0 0 0 0 0 0 0 0 3 5 6 26 85 52 51 71 75 84 214 79 131 353 231 8 1 64 70 126 73 75 19 30 72 18 0 0 0 0 0 0 120 101 0 0 0 0 0 0 0 0 0 0 0 0 0;
0 0 0 0 0 0 0 0 0 0 0 0 0 0 0 0 0 0 0 0 0 0 1 1 0 0 2 0 0 0 0 0 0 0 0 0 0 0 0 0 0 0 0 0 0 0 0 0 7 1 1 11 2 23 31 55 54 78 107 65 232 244 180 38 22 6 68 198 576 308 140 167 46 191 99 16 0 0 0 0 0 0 0 71 109 37 0 0 0 0 0 0 0 0 0 0 0 0 0 0;
0 0 0 0 0 0 0 0 0 0 0 0 0 0 0 2 0 0 0 0 0 0 0 1 2 0 1 1 0 0 0 0 0 0 0 0 0 0 0 0 0 0 0 0 0 0 0 0 0 0 0 1 4 4 42 132 109 35 87 190 140 214 227 146 273 269 507 392 106 80 320 432 60 20 12 36 32 0 0 62 62 64 75 9 0 0 0 0 0 0 0 0 0 0 0 0 0 0 0 0;
0 0 0 0 0 0 0 0 0 0 0 0 0 0 0 3 8 0 0 0 3 3 10 14 10 4 1 0 1 1 0 1 0 0 0 0 0 0 0 0 0 0 0 0 0 0 0 0 0 4 10 20 22 15 95 361 201 437 183 123 142 217 339 183 403 511 190 51 242 98 58 130 4 0 0 14 96 76 74 8 2 0 0 0 0 0 0 0 0 0 0 0 0 0 0 0 0 0 0 0;
0 0 0 0 0 0 1 0 1 0 0 0 0 0 0 4 5 1 1 3 1 0 1 1 3 10 7 23 18 3 3 0 0 0 0 0 0 0 0 0 0 0 0 0 0 0 0 0 0 0 22 13 62 78 98 175 367 428 355 529 328 302 153 195 326 172 231 318 106 262 164 246 10 19 87 81 42 57 0 0 0 0 0 0 0 0 0 0 0 0 0 0 0 0 0 0 0 0 0 0;
0 0 0 0 0 0 0 0 0 0 1 2 1 0 0 16 4 1 0 0 0 0 0 0 0 0 1 2 3 15 16 36 8 5 0 0 0 0 0 0 0 0 0 0 0 0 0 0 0 30 84 103 143 356 190 131 465 399 479 573 419 248 361 158 117 102 303 305 9 0 0 65 98 75 4 2 0 0 0 0 0 0 0 0 0 0 0 0 0 0 0 0 0 0 0 0 0 0 0 0;
0 0 0 0 0 0 0 0 0 0 0 0 1 10 9 2 6 5 0 2 0 0 0 0 0 0 0 0 0 1 0 49 184 188 47 9 15 22 23 17 139 55 94 62 49 54 24 54 52 34 0 107 324 289 335 404 289 201 159 208 93 79 58 45 60 84 45 36 105 65 61 20 4 4 0 0 0 0 0 0 0 0 0 0 0 0 0 0 0 0 0 0 0 0 0 0 0 0 1 3;
0 0 0 0 0 0 0 0 0 0 0 0 0 0 226 171 63 92 130 86 57 41 14 6 1 0 0 0 3 4 0 6 360 119 224 24 64 101 110 25 280 55 224 62 109 51 42 314 90 61 110 256 53 10 29 65 93 237 63 67 136 47 155 64 48 161 151 62 51 2 0 0 0 0 0 0 0 0 0 0 0 0 0 0 0 0 0 0 0 1 1 1 1 3 2 2 2 3 0 0;
0 0 0 0 0 0 0 0 0 0 0 0 0 0 0 0 0 16 23 97 34 36 74 77 130 80 238 154 20 129 166 84 24 156 248 183 106 175 360 86 334 70 415 88 267 176 610 87 6 8 0 30 82 1 7 13 8 7 4 13 10 131 125 101 67 5 19 34 46 45 35 6 7 7 5 6 3 0 0 0 0 0 0 0 0 0 3 1 2 0 0 0 0 0 0 0 0 1 24 21;
0 0 0 0 0 0 0 0 0 0 0 0 0 0 0 0 0 0 28 158 93 174 28 96 20 74 104 135 348 275 196 213 275 371 477 302 292 323 620 224 436 116 624 91 209 121 1032 136 101 191 75 74 148 29 16 9 1 0 21 127 163 101 35 0 1 0 3 2 3 19 1 0 0 0 0 0 2 8 12 14 16 13 17 57 23 18 13 8 9 9 14 9 9 11 16 43 41 30 23 10;
0 0 0 0 0 0 0 0 0 0 0 0 0 0 0 0 22 38 89 65 77 40 81 148 106 60 199 118 310 340 96 165 71 410 368 220 307 593 179 301 181 128 385 130 112 124 471 218 150 187 97 77 262 74 60 55 59 201 219 20 43 11 11 8 35 15 3 15 12 10 5 2 1 1 2 2 6 2 5 1 2 1 0 0 0 0 0 0 0 0 0 0 2 17 10 3 0 0 0 0;
0 0 0 0 0 0 0 0 0 0 0 0 0 0 0 0 0 29 16 73 26 61 3 7 21 5 37 29 73 260 5 38 5 94 174 529 332 257 78 127 42 40 6 2 2 7 335 115 32 80 5 11 139 14 30 2 8 95 21 0 30 0 0 0 0 3 41 1 0 0 0 0 0 0 0 1 4 2 9 9 3 2 2 3 2 2 4 11 5 17 3 3 0 0 0 0 0 0 0 0;
0 0 0 0 0 0 0 0 0 0 0 0 0 0 0 0 0 0 0 0 5 5 4 7 15 5 3 5 82 68 0 0 0 0 1 35 43 252 44 19 17 45 152 105 149 73 507 119 193 56 25 50 231 93 83 14 17 80 1 0 34 2 0 0 0 0 53 1 1 4 1 2 1 7 4 2 0 0 0 0 0 0 0 0 0 0 0 0 0 0 0 1 0 0 0 0 0 0 0 0;
0 0 0 0 0 0 0 0 0 0 0 0 0 0 0 0 0 0 0 0 0 0 0 0 0 0 0 0 675 253 27 25 20 1 3 0 37 223 73 28 24 111 80 51 101 192 262 33 56 21 17 12 186 9 124 69 27 71 4 0 64 20 9 30 16 3 92 20 35 6 1 15 6 0 0 0 0 0 0 0 0 0 0 0 0 0 0 0 0 0 0 0 0 4 0 0 0 0 0 0;
0 0 0 0 0 0 0 0 0 0 0 0 0 0 0 0 0 0 0 0 0 0 0 0 0 0 0 0 0 0 0 0 6 28 30 31 325 125 41 55 65 34 53 59 197 169 459 21 4 3 33 28 70 204 66 45 125 109 42 44 232 63 118 49 79 105 238 77 65 46 77 11 0 0 0 0 0 0 0 0 0 0 0 0 0 0 0 0 0 0 0 0 0 0 0 0 0 0 0 0;
0 0 0 0 0 0 0 0 0 0 0 0 0 0 0 0 0 0 0 0 0 0 0 0 0 0 0 0 0 0 0 0 0 0 0 0 288 6 10 8 18 10 114 19 50 32 434 32 20 24 7 0 8 188 8 4 69 16 17 3 66 51 11 0 0 0 43 17 6 18 2 10 9 27 5 0 0 0 0 0 0 0 0 0 0 0 0 0 0 0 0 0 0 0 0 0 0 0 0 0;
0 0 0 0 0 0 0 0 0 0 0 0 0 0 0 0 0 0 0 0 0 0 0 0 0 0 0 0 0 0 0 0 0 0 0 0 257 20 14 12 28 152 91 42 71 171 517 60 109 81 33 57 20 169 137 63 40 11 4 32 35 7 1 0 0 0 0 50 10 11 0 0 0 15 7 2 3 1 1 2 1 0 0 0 0 0 0 0 0 0 0 0 0 0 0 0 0 0 0 0;
0 0 0 0 0 0 0 0 0 0 0 0 0 0 0 0 0 0 0 0 0 0 0 0 0 0 0 0 0 0 0 0 0 0 0 0 218 0 0 2 28 7 0 0 489 208 7 1 0 1 4 24 5 128 45 114 105 41 58 15 7 0 0 0 0 0 0 13 15 0 0 0 4 3 0 0 0 0 0 0 0 2 2 1 3 7 6 0 0 0 0 0 0 0 0 0 0 0 0 0;
0 0 0 0 0 0 0 0 0 0 0 0 0 0 0 0 0 0 0 0 0 0 0 0 0 0 0 0 0 0 0 0 0 0 0 0 242 0 1 37 2 0 1 186 152 183 15 17 14 42 50 72 22 163 41 17 138 45 2 0 0 0 0 0 0 0 0 0 21 11 2 6 1 3 0 0 0 0 0 0 0 0 0 0 0 2 1 6 0 0 0 0 0 0 0 0 0 0 0 0;
0 0 0 0 0 0 0 0 0 0 0 0 0 0 0 0 0 0 0 0 0 0 0 0 0 0 0 0 0 0 0 0 0 0 0 0 257 0 0 22 0 0 21 370 110 17 5 12 30 40 101 79 64 90 74 130 67 7 0 0 0 0 0 0 0 0 29 13 33 6 5 12 1 0 0 0 0 0 0 0 0 0 0 0 0 0 0 2 0 0 0 0 0 0 0 0 0 0 0 0;
0 0 0 0 0 0 0 0 0 0 0 0 0 0 0 0 0 0 0 0 0 0 0 0 0 0 0 0 0 0 0 0 0 0 0 0 120 122 1 15 28 2 63 209 91 101 14 59 31 51 32 1 3 10 101 8 3 17 10 26 25 0 0 0 0 0 0 2 47 5 0 0 3 2 0 0 0 0 0 0 0 0 0 0 0 0 0 0 0 0 0 0 0 0 0 0 0 0 0 0;
0 0 0 0 0 0 0 0 0 0 0 0 0 0 0 0 0 0 0 0 0 0 0 0 0 0 0 0 0 0 0 0 0 0 0 0 1 120 226 121 230 98 335 59 88 93 92 60 77 2 0 0 0 83 30 0 0 0 0 0 0 0 0 0 0 0 0 0 20 17 0 0 2 0 0 0 0 0 0 0 0 0 0 3 0 0 0 0 0 0 0 0 0 0 0 0 0 0 0 0;
0 0 0 0 0 0 0 0 0 0 0 0 0 0 0 0 0 0 0 0 0 0 0 0 0 0 0 0 0 0 0 0 0 0 0 0 0 0 0 281 111 24 186 37 4 2 0 83 57 0 3 0 95 8 0 0 0 0 0 0 0 0 0 0 0 0 0 0 0 12 17 0 0 0 0 0 0 0 0 0 0 0 0 0 0 0 0 0 0 0 0 0 2 1 2 6 13 3 2 3;
0 0 0 0 0 0 0 0 0 0 0 0 0 0 0 0 0 0 0 0 0 0 0 0 0 0 0 0 0 0 0 0 0 0 0 0 0 0 0 187 110 54 295 754 55 13 51 25 38 197 143 27 86 105 2 13 11 0 0 0 0 0 0 0 0 0 0 0 0 1 26 0 0 0 0 1 0 0 0 0 0 0 0 0 0 0 0 1 4 2 3 10 69 13 3 2 1 0 2 36;
0 0 0 0 0 0 0 0 0 0 0 0 0 0 0 0 0 0 0 0 0 0 0 0 0 0 0 0 0 0 0 0 0 0 0 0 0 0 0 174 334 144 356 306 218 71 148 36 60 153 74 106 141 38 128 31 1 20 39 185 103 0 0 0 0 0 0 2 17 88 47 18 8 17 11 6 7 7 7 6 6 6 4 6 6 6 5 8 15 38 8 111 78 18 17 26 18 66 115 74;
0 0 0 0 0 0 0 0 0 0 0 0 0 0 0 0 0 0 0 0 0 0 0 0 0 0 0 0 0 0 0 0 0 0 0 0 0 28 118 98 517 184 142 191 549 200 172 186 21 53 72 92 336 79 124 175 28 12 0 0 0 0 0 0 0 0 0 0 0 0 28 14 0 0 0 0 0 0 0 0 0 0 0 0 0 1 0 0 1 3 22 35 91 50 184 39 113 35 109 152;
0 0 0 0 0 0 0 0 0 0 0 0 0 0 0 0 0 0 0 0 0 0 0 0 0 0 0 0 0 0 0 0 0 0 0 4 168 306 273 96 609 399 348 312 432 222 181 139 67 31 7 6 116 9 41 231 33 0 0 0 0 0 0 0 0 0 0 0 0 0 0 24 16 3 0 0 5 3 0 0 0 0 0 0 8 45 3 0 0 13 43 49 131 348 240 270 70 66 158 47;
0 0 0 0 0 0 0 0 0 0 0 0 0 0 0 0 0 0 0 0 0 0 0 0 0 0 0 0 0 0 0 0 0 0 76 293 416 227 421 190 534 68 39 129 150 284 68 72 79 1 6 11 81 292 106 200 146 24 47 27 5 0 0 0 0 0 0 0 0 0 0 0 31 0 8 5 11 10 2 0 0 1 47 57 63 290 352 201 72 56 26 20 171 76 13 32 64 245 117 247;
0 0 0 0 0 0 0 0 0 0 0 0 0 0 0 0 0 0 0 0 0 0 0 0 0 0 0 0 0 0 0 0 23 175 237 128 440 387 276 176 403 2 0 0 1 530 210 109 206 261 104 187 221 88 92 194 307 152 234 189 46 3 2 0 0 0 0 0 0 0 0 12 23 6 28 17 23 43 30 82 63 67 147 194 224 163 173 248 117 76 64 205 113 4 58 103 217 94 209 177;
0 0 0 0 0 0 0 0 0 0 0 0 0 0 0 0 0 0 0 0 0 0 0 0 0 0 0 0 0 0 8 83 319 92 103 609 390 293 374 150 836 200 78 46 21 141 420 273 120 360 273 299 197 686 150 161 331 232 245 136 85 5 7 0 0 0 0 0 0 0 0 38 2 28 45 457 267 127 336 151 65 89 117 14 49 28 12 13 15 16 10 152 16 9 39 114 93 130 65 56;
0 0 0 0 0 0 0 0 0 0 0 0 0 0 0 0 0 0 0 0 0 0 0 0 0 0 0 0 0 0 48 191 121 14 182 126 92 565 366 245 936 288 387 561 344 294 626 260 319 399 591 197 184 217 115 87 86 276 496 72 127 6 3 0 0 0 0 0 0 12 108 133 118 346 342 291 127 226 22 41 10 12 10 8 10 52 18 3 4 22 33 27 19 82 237 58 84 64 42 66;
0 0 0 0 0 0 0 0 0 0 0 0 0 0 0 0 0 0 0 0 0 0 0 0 0 0 0 0 0 0 127 214 350 198 539 78 116 503 256 153 763 158 515 382 98 1 338 46 72 227 264 0 0 0 0 2 177 276 291 128 273 19 7 8 53 117 109 95 103 130 11 28 22 2 0 62 10 65 36 38 29 27 33 31 126 94 97 222 114 57 122 123 100 125 22 27 30 1 3 15;
0 0 0 0 1 0 0 0 0 0 0 0 0 0 0 0 0 0 0 0 0 0 0 0 0 0 0 0 0 0 0 6 141 292 222 820 304 508 569 195 998 204 550 582 230 77 306 224 143 205 399 1 0 0 41 61 277 90 264 182 518 147 153 116 339 0 0 0 0 0 0 0 4 21 26 11 8 11 0 5 2 2 9 3 66 54 27 33 32 111 11 32 23 137 123 18 33 58 21 85;
0 0 0 0 0 0 0 0 0 0 0 0 0 0 0 0 0 0 0 0 0 0 0 0 0 0 0 0 0 0 0 0 0 589 572 182 308 615 547 331 1315 615 301 589 309 121 332 92 422 273 727 228 175 443 450 149 186 168 206 578 344 101 119 168 6 1 0 0 0 0 0 0 0 0 0 0 0 6 17 3 0 0 17 29 68 11 20 15 45 164 191 47 19 36 138 37 38 27 9 4;
0 0 0 0 0 0 0 0 0 0 0 0 0 0 0 0 0 0 0 0 0 0 0 0 0 0 0 0 0 0 0 0 0 0 0 0 281 97 58 165 1329 294 200 186 497 120 451 204 336 132 436 69 26 17 395 0 1 0 0 363 145 139 8 6 0 0 6 15 3 0 0 0 0 0 0 0 0 0 0 8 11 17 16 8 1 1 1 5 4 48 126 9 4 3 1 0 0 47 0 0;
0 0 0 0 0 0 0 0 0 0 0 0 0 0 0 0 0 0 0 0 0 0 0 0 0 0 0 0 0 0 0 0 0 0 0 0 0 0 0 0 480 752 704 235 181 441 801 210 261 286 480 264 166 22 297 9 8 0 0 0 154 357 8 5 13 4 14 7 3 0 0 0 0 0 0 0 0 0 0 0 0 0 0 5 10 8 10 8 3 128 44 53 8 0 0 0 67 89 22 20;
0 0 0 0 5 0 0 0 0 0 0 0 0 0 0 0 0 0 0 0 0 0 0 0 0 0 0 0 0 0 0 0 0 0 0 0 0 0 0 0 5 23 82 1676 297 622 1055 305 182 280 392 195 203 188 353 133 134 72 6 208 450 497 25 19 9 6 1 0 0 0 0 0 0 0 0 0 0 0 0 0 0 0 0 0 0 0 0 0 33 111 7 3 0 0 15 83 29 5 4 2;
0 0 0 0 0 0 0 0 0 0 0 0 0 0 0 0 0 0 0 0 0 0 0 0 0 0 0 0 0 0 0 0 0 0 0 0 0 0 0 0 0 0 1 1009 556 544 1118 570 236 258 549 148 207 226 690 399 102 217 716 57 58 20 0 4 0 0 0 0 0 0 0 0 0 0 0 0 0 0 0 0 0 0 2 5 17 15 4 4 5 28 65 28 5 0 56 43 0 0 0 2;
0 0 0 0 0 0 0 0 0 0 0 0 0 0 0 0 0 0 0 0 0 0 0 0 0 0 0 0 0 0 0 0 0 0 0 0 0 0 0 0 0 0 0 198 1386 253 594 12 17 13 112 32 118 29 606 280 51 148 270 573 74 45 7 2 11 23 1 0 11 13 2 0 0 0 0 1 11 8 66 48 11 11 7 0 0 0 0 0 0 0 93 79 18 27 28 1 0 0 0 0;
0 0 0 0 0 0 0 0 0 0 0 0 0 0 0 0 0 0 0 0 0 0 0 0 0 0 0 0 0 0 0 0 0 0 0 0 0 0 0 0 0 0 0 491 2001 514 1288 381 438 306 347 428 378 260 1155 490 176 367 94 195 512 263 82 179 102 129 78 51 51 14 12 52 9 31 27 34 32 100 50 124 55 88 65 51 0 26 88 283 146 162 46 3 23 6 0 3 1 3 2 4;
0 0 0 0 0 0 0 0 0 0 0 0 0 0 0 0 0 0 0 0 0 0 0 0 1 0 0 0 0 0 0 0 0 0 0 0 0 0 0 0 0 0 15 1267 338 1187 395 1524 1002 335 250 794 311 147 557 216 152 161 250 110 117 286 416 135 5 32 3 7 19 96 189 125 16 16 21 44 10 3 16 98 275 103 183 441 96 112 268 86 12 60 52 3 0 2 8 6 0 0 0 0;
0 0 0 0 0 0 0 0 0 0 0 0 0 0 0 0 0 0 0 0 0 0 0 0 0 0 0 0 0 0 0 0 0 0 0 0 0 0 0 0 453 342 2413 708 1357 1380 2407 1597 1600 257 216 298 252 304 510 116 91 79 100 27 39 31 55 735 286 290 285 455 538 120 15 10 92 203 123 444 315 90 211 386 59 40 51 17 24 309 33 67 36 39 39 0 0 0 0 1 11 0 0 0;
0 0 0 0 0 0 0 0 0 0 0 0 0 0 0 0 0 0 0 0 0 0 0 0 0 0 0 0 0 0 0 0 0 0 0 0 0 0 0 0 0 2 123 538 1369 1485 1380 673 2022 561 456 670 356 300 700 363 237 238 318 495 300 274 257 549 187 65 29 78 12 29 90 17 50 174 88 119 71 104 149 97 273 56 57 38 43 201 19 45 4 7 0 0 0 0 0 7 4 0 7 17;
0 0 0 0 0 0 0 0 0 0 0 0 0 0 0 0 0 0 0 0 0 0 0 0 0 0 0 0 0 0 0 0 0 0 0 0 0 0 0 0 0 0 0 0 40 560 400 676 1078 1203 525 599 274 234 918 452 299 110 149 547 454 303 140 348 306 13 0 0 44 34 49 1 26 21 6 22 19 11 34 204 220 186 95 43 0 0 0 6 3 7 5 27 17 45 15 20 14 28 4 0;
0 0 0 0 0 0 0 0 0 0 0 0 0 0 0 0 0 0 0 0 0 0 0 0 0 0 0 0 0 0 0 0 0 0 0 0 0 0 0 0 0 0 0 0 0 0 117 405 239 575 383 115 176 211 94 296 226 48 30 6 261 89 35 318 322 116 76 176 56 19 17 3 50 7 10 14 22 25 41 86 502 95 93 140 44 13 10 0 2 43 20 30 10 12 7 71 13 0 0 0;
0 0 0 0 0 0 0 0 0 0 0 0 0 0 0 0 0 0 0 0 0 0 0 0 0 0 0 0 0 0 0 0 0 0 0 0 0 0 0 0 0 0 0 0 0 0 8 93 256 420 223 223 180 341 247 56 140 500 528 445 287 212 463 383 208 159 46 48 14 0 0 0 0 0 13 6 39 31 38 380 227 71 51 49 106 170 71 20 40 8 3 6 107 4 0 0 0 0 0 0;
0 0 0 0 0 0 0 0 0 0 0 0 0 0 0 0 0 0 0 0 0 0 0 0 0 0 0 0 0 0 0 0 0 0 0 0 0 0 0 0 0 0 0 0 0 0 11 60 38 75 234 63 412 84 85 126 171 0 0 1 1 0 1 17 69 42 51 83 22 0 0 0 0 0 2 1 1 2 62 198 34 30 25 10 11 10 85 4 8 4 4 5 0 2 4 3 0 0 7 8;
0 0 0 0 0 0 0 0 0 0 0 0 0 0 0 0 0 0 0 0 0 0 0 0 0 0 0 0 0 0 0 0 0 0 0 0 0 0 0 0 0 0 0 0 0 0 26 38 8 11 10 24 128 106 101 0 0 0 0 0 0 0 0 0 0 0 0 0 28 63 31 40 5 0 0 0 0 0 46 190 33 14 26 31 16 34 53 4 19 12 14 14 12 5 3 11 13 6 1 4;
0 0 0 0 0 0 0 0 0 0 0 0 0 0 0 0 0 0 0 0 0 0 0 0 0 0 0 0 0 0 0 0 0 0 0 0 0 0 0 0 0 0 0 0 0 0 0 0 0 0 0 0 1 91 111 149 78 40 15 5 1 0 0 0 0 0 0 0 0 0 0 0 30 86 23 0 0 0 2 72 0 52 52 80 5 9 38 52 48 14 4 1 5 0 0 0 1 16 13 0;
0 0 0 0 0 0 0 0 0 0 0 0 0 0 0 0 0 0 0 0 0 0 0 0 0 0 0 0 0 0 0 0 0 0 0 0 0 0 0 0 0 0 0 0 0 0 0 0 0 0 0 0 0 0 0 82 136 97 106 12 32 0 0 0 0 0 0 0 0 0 0 0 0 0 19 50 47 174 79 74 215 17 5 0 0 0 0 0 0 0 13 21 6 3 2 5 4 2 19 3;
0 0 0 0 0 0 0 0 0 0 0 0 0 0 0 0 0 0 0 0 0 0 0 0 0 0 0 0 0 0 0 0 0 0 0 0 0 0 0 0 0 0 0 0 0 0 0 0 0 0 0 0 0 0 0 35 210 104 95 11 14 2 0 0 0 0 0 0 0 0 0 0 0 0 3 13 7 77 46 4 0 0 0 0 0 0 0 0 0 0 3 13 58 23 0 0 0 1 5 9;
0 0 0 0 0 0 0 0 0 0 0 0 0 0 0 0 0 0 0 0 0 0 0 0 0 0 0 0 0 0 0 0 0 0 0 0 0 0 0 0 0 0 0 0 0 0 0 0 0 0 0 0 0 0 0 36 155 59 86 6 0 0 0 0 0 0 0 0 0 0 0 0 0 0 3 67 12 63 16 0 0 0 0 0 0 0 2 1 0 0 0 0 0 137 2 3 4 5 0 1;
0 0 0 0 0 0 0 0 0 0 0 0 0 0 0 0 0 0 0 0 0 0 0 0 0 0 0 0 0 0 0 0 0 0 0 0 0 0 0 0 0 0 0 0 0 0 0 0 0 0 0 0 24 157 61 44 2 0 0 0 0 0 0 0 0 0 0 0 0 0 0 0 0 0 0 3 0 0 0 0 0 0 0 0 0 1 1 0 1 1 0 1 0 38 48 0 0 3 7 0;
0 0 0 0 0 0 0 0 0 0 0 0 0 0 0 0 0 0 0 0 0 0 0 0 0 0 0 0 0 0 0 0 0 0 0 0 0 0 0 0 0 0 0 0 0 0 0 0 0 0 0 0 8 67 8 18 0 0 0 0 0 0 0 0 0 0 0 0 0 0 0 0 5 2 1 0 0 0 0 0 0 0 0 0 0 0 0 0 0 0 0 0 2 2 71 124 29 8 36 20;
0 0 0 0 0 0 0 0 0 0 0 0 0 0 0 0 0 0 0 0 0 0 0 0 0 0 0 0 0 0 0 0 0 0 0 0 0 0 0 0 0 0 0 0 0 0 0 0 0 0 0 0 8 27 10 1 1 0 0 0 0 0 0 0 0 0 0 0 0 0 0 2 0 0 0 0 0 0 0 0 0 1 0 0 0 0 0 0 0 0 0 0 76 8 2 0 91 229 81 145;
0 0 0 0 0 0 0 0 0 0 0 0 0 0 0 0 0 0 0 0 0 0 0 0 0 0 0 0 0 0 0 0 0 0 0 0 0 0 0 0 0 0 0 0 0 0 0 0 0 0 0 0 0 21 8 5 0 0 0 0 0 0 0 0 0 0 0 0 0 0 0 0 0 0 0 0 0 0 0 0 0 0 0 0 0 0 0 0 0 0 1 1 0 0 0 0 0 200 95 122;
0 0 0 0 0 0 0 0 0 0 0 0 0 0 0 0 0 0 0 0 0 0 0 0 0 0 0 0 0 0 0 0 0 0 0 0 0 0 0 0 0 0 0 0 0 0 0 0 0 0 0 0 0 0 0 16 0 0 0 0 0 0 0 0 0 0 0 0 0 0 0 0 0 0 0 0 0 0 0 0 2 0 0 0 0 0 0 0 0 0 0 0 0 0 0 0 23 142 157 497;
0 0 0 0 0 0 0 0 0 0 0 0 0 0 0 0 0 0 0 0 0 0 0 0 0 0 0 0 0 0 0 0 0 0 0 0 0 0 0 0 0 0 0 0 0 0 0 0 0 0 0 0 0 0 0 0 0 11 0 0 0 0 0 0 0 0 0 0 0 0 0 0 0 0 0 0 0 0 0 0 3 0 0 0 0 0 0 0 0 0 0 0 0 18 19 16 26 24 29 89;
0 0 0 0 0 0 0 0 0 0 0 0 0 0 0 0 0 0 0 0 0 0 0 0 0 0 0 0 0 0 0 0 0 0 0 0 0 0 0 0 0 0 0 0 0 0 0 0 0 0 0 0 0 73 2 0 0 15 0 0 0 0 0 0 0 0 0 0 0 0 0 0 0 0 0 0 1 5 6 2 1 3 6 3 2 3 0 0 3 3 10 16 14 50 10 0 0 0 0 12;
0 0 0 0 0 0 0 0 0 0 0 0 0 0 0 0 0 0 0 0 0 0 0 0 0 0 0 0 0 0 0 0 0 0 0 0 0 0 0 0 0 0 0 0 0 0 0 0 0 0 0 37 20 69 4 1 0 0 8 0 0 0 0 0 0 0 0 0 0 0 0 0 0 0 0 0 0 0 0 0 0 0 2 6 5 2 11 20 3 9 0 2 0 1 15 6 9 12 4 4;
0 0 0 0 0 0 0 0 0 0 0 0 0 0 0 0 0 0 0 0 0 0 0 0 0 0 0 0 0 0 0 0 0 0 0 0 0 0 0 0 0 0 0 0 0 0 0 0 0 33 43 30 28 34 2 3 0 1 19 1 0 0 0 0 0 0 0 0 0 0 0 0 0 0 0 0 0 0 0 0 0 0 0 0 1 1 0 0 0 0 0 1 1 2 2 3 1 3 16 0;
0 0 0 0 0 0 0 0 0 0 0 0 0 0 0 0 0 0 0 0 0 0 0 0 0 0 0 0 0 0 0 0 0 0 0 0 0 0 0 0 0 0 0 0 0 0 0 0 0 0 7 3 13 12 31 26 12 1 7 13 0 0 0 0 0 0 0 0 0 0 0 0 0 1 0 0 0 0 0 0 0 0 0 0 0 0 0 0 0 0 0 0 0 0 0 0 0 2 8 6;
0 0 0 0 0 0 0 0 0 0 0 0 0 0 0 0 0 0 0 0 0 0 0 0 0 0 0 0 0 0 0 0 0 0 0 0 0 0 0 0 0 0 0 0 0 0 0 0 0 0 0 0 0 0 0 10 15 7 0 0 0 0 0 0 0 0 0 0 1 0 1 0 0 0 0 0 0 0 0 0 0 0 0 0 0 0 0 0 0 0 0 0 0 0 0 0 0 0 1 12;
0 0 0 0 0 0 0 0 0 0 0 0 0 0 0 0 0 0 0 0 0 0 0 0 0 0 0 0 0 0 0 0 0 0 0 0 0 0 0 0 0 0 0 0 0 0 0 0 0 0 0 0 0 0 0 0 0 6 8 3 7 0 0 0 0 0 1 2 0 0 0 0 0 1 1 1 0 0 0 0 0 0 0 0 0 0 0 0 0 0 0 0 0 0 0 0 0 0 0 0;
0 0 0 0 0 0 0 0 0 0 0 0 0 0 0 0 0 0 0 0 0 0 0 0 0 0 0 0 0 0 0 0 0 0 0 0 0 0 0 0 0 0 0 0 0 0 0 0 0 0 0 0 0 0 0 0 0 0 0 0 0 5 31 14 0 1 0 0 0 1 1 6 3 0 0 0 0 0 0 0 0 0 0 0 0 0 0 0 0 0 0 0 0 0 0 0 0 0 0 0;
0 0 0 0 0 0 0 0 0 0 0 0 0 0 0 0 0 0 0 0 0 0 0 0 0 0 0 0 0 0 0 0 0 0 0 0 0 0 0 0 0 0 0 0 0 0 0 0 0 0 0 0 0 0 0 0 0 0 0 0 0 0 0 1 8 9 2 0 1 2 7 2 1 0 0 0 0 0 0 0 0 0 0 0 0 0 0 0 0 0 0 0 0 0 0 0 0 0 0 0;
0 0 0 0 0 0 0 0 0 0 0 0 0 0 0 0 0 0 0 0 0 0 0 0 0 0 0 0 0 0 0 0 0 0 0 0 0 0 0 0 0 0 0 0 0 0 0 0 0 0 0 0 0 0 0 0 0 0 0 0 0 0 0 0 0 0 7 7 14 9 1 9 0 0 0 0 0 0 0 0 0 0 0 0 0 0 0 0 0 0 0 0 0 0 0 0 0 0 0 0;
0 0 0 0 0 0 0 0 0 0 0 0 0 0 0 0 0 0 0 0 0 0 0 0 0 0 0 0 0 0 0 0 0 0 0 0 0 0 0 0 0 0 0 0 0 0 0 0 0 0 0 0 0 0 0 0 0 0 0 0 0 0 0 0 0 0 0 0 0 4 28 0 0 0 0 0 0 0 0 0 0 0 0 0 0 0 0 0 0 0 0 1 0 0 0 0 0 0 0 0;
0 0 0 0 0 0 0 0 0 0 0 0 0 0 0 0 0 0 0 0 0 0 0 0 0 0 0 0 0 0 0 0 0 0 0 0 0 0 0 0 0 0 0 0 0 0 0 0 0 0 0 0 0 0 0 0 0 0 0 0 0 0 0 0 0 0 0 0 0 4 12 0 0 28 0 0 0 0 0 0 0 0 0 0 0 0 0 0 0 0 0 1 0 0 0 0 0 0 0 0;
0 0 0 0 0 0 0 0 0 0 0 0 0 0 0 0 0 0 0 0 0 0 0 0 0 0 0 0 0 0 0 0 0 0 0 0 0 0 0 0 0 0 0 0 0 0 0 0 0 0 0 0 0 0 0 0 0 0 0 0 0 0 0 0 0 0 0 0 0 3 11 0 0 0 0 0 0 0 0 0 0 0 1 0 1 1 0 0 0 0 0 0 0 0 0 0 0 0 0 0;
0 0 0 0 0 0 0 0 0 0 0 0 0 0 0 0 0 0 0 0 0 0 0 0 0 0 0 0 0 0 0 0 0 0 0 0 0 0 0 0 0 0 0 0 0 0 0 0 0 0 0 0 0 0 0 0 0 0 0 0 0 0 0 0 0 0 0 0 1 0 15 0 0 0 0 0 0 0 0 1 0 2 0 0 0 0 0 0 0 0 0 0 0 0 0 0 0 0 0 0;
0 0 0 0 0 0 0 0 0 0 0 0 0 0 0 0 0 0 0 0 0 0 0 0 0 0 0 0 0 0 0 0 0 0 0 0 0 0 0 0 0 0 0 0 0 0 0 0 0 0 0 0 0 0 0 0 0 0 0 0 0 0 0 0 0 0 0 0 0 0 0 0 0 0 9 15 4 1 0 0 0 0 0 0 0 0 0 0 0 0 0 0 0 0 0 0 0 0 0 0;
0 0 0 0 0 0 0 0 0 0 0 0 0 0 0 0 0 0 0 0 0 0 0 0 0 0 0 0 0 0 0 0 0 0 0 0 0 0 0 0 0 0 0 0 0 0 0 0 0 0 0 0 0 0 0 0 0 0 0 0 0 0 0 0 0 0 0 1 0 0 0 2 16 6 7 3 30 26 4 0 0 0 0 0 0 0 0 0 0 0 0 0 0 0 0 0 0 0 0 0;
0 0 0 0 0 0 0 0 0 0 0 0 0 0 0 0 0 0 0 0 0 0 0 0 0 0 0 0 0 0 0 0 0 0 0 0 0 0 0 0 0 0 0 0 0 0 0 0 0 0 0 0 0 0 0 0 0 0 0 0 0 0 0 0 0 0 0 0 0 0 0 0 0 7 17 23 28 9 0 0 0 0 0 0 0 0 0 0 0 0 0 0 0 0 0 0 0 0 0 0;
0 0 0 0 0 0 0 0 0 0 0 0 0 0 0 0 0 0 0 0 0 0 0 0 0 0 0 0 0 0 0 0 0 0 0 0 0 0 0 0 0 0 0 0 0 0 0 0 0 0 0 0 0 0 0 0 0 0 0 0 0 0 0 0 0 0 0 0 0 0 0 0 0 0 0 9 2 1 0 0 0 0 0 0 0 0 0 0 0 0 0 0 0 0 0 0 0 0 0 0;
0 0 0 0 0 0 0 0 0 0 0 0 0 0 0 0 0 0 0 0 0 0 0 0 0 0 0 0 0 0 0 0 0 0 0 0 0 0 0 0 0 0 0 0 0 0 0 0 0 0 0 0 0 0 0 0 0 0 0 0 0 0 0 0 0 0 0 0 0 0 0 0 0 0 1 1 1 0 1 0 0 0 0 0 0 0 0 0 0 0 0 0 0 0 0 0 0 0 0 0;
0 0 0 0 0 0 0 0 0 0 0 0 0 0 0 0 0 0 0 0 0 0 0 0 0 0 0 0 0 0 0 0 0 0 0 0 0 0 0 0 0 0 0 0 0 0 0 0 0 0 0 0 0 0 0 0 0 0 0 0 0 0 0 0 0 0 0 0 0 0 0 0 0 0 0 0 6 10 2 2 0 0 0 0 0 0 0 0 0 0 0 0 0 0 0 0 0 0 0 0;
0 0 0 0 0 0 0 0 0 0 0 0 0 0 0 0 0 0 0 0 0 0 0 0 0 0 0 0 0 0 0 0 0 0 0 0 0 0 0 0 0 0 0 0 0 0 0 0 0 0 0 0 0 0 0 0 0 0 0 0 0 0 0 0 0 0 0 0 0 0 0 0 0 0 0 0 0 0 0 0 0 0 0 0 0 0 0 0 0 0 0 0 0 0 0 0 0 0 0 0;
0 0 0 0 0 0 0 0 0 0 0 0 0 0 0 0 0 0 0 0 0 0 0 0 0 0 0 0 0 0 0 0 0 0 0 0 0 0 0 0 0 0 0 0 0 0 0 0 0 0 0 0 0 0 0 0 0 0 0 0 0 0 0 0 0 0 0 0 0 0 0 0 0 0 0 0 0 0 0 0 0 0 0 0 0 0 0 0 0 0 0 0 0 0 0 0 0 0 0 0;
0 0 0 0 0 0 0 0 0 0 0 0 0 0 0 0 0 0 0 0 0 0 0 0 0 0 0 0 0 0 0 0 0 0 0 0 0 0 0 0 0 0 0 0 0 0 0 0 0 0 0 0 0 0 0 0 0 0 0 0 0 0 0 0 0 0 0 0 0 0 0 0 0 0 0 0 0 0 0 0 0 0 0 0 0 0 0 0 0 0 0 0 0 0 0 0 0 0 0 0;
0 0 0 0 0 0 0 0 0 0 0 0 0 0 0 0 0 0 0 0 0 0 0 0 0 0 0 0 0 0 0 0 0 0 0 0 0 0 0 0 0 0 0 0 0 0 0 0 0 0 0 0 0 0 0 0 0 0 0 0 0 0 0 0 0 0 0 0 0 0 0 0 0 0 0 1 0 0 0 0 0 0 0 0 0 0 0 0 0 0 0 0 0 0 0 0 0 0 0 0;
