1 5 8 11 13 20 23 27 31 32 36 38 45 48 53 57 61 64 66 71 74 80 81 83 85 91 95 97 98 
2 6 9 14 17 18 21 24 25 28 33 39 42 43 46 50 51 54 55 58 59 62 67 72 76 78 84 90 92 96 99 


3 10 11 15 17 22 23 24 29 34 40 42 47 48 52 53 54 56 57 58 63 64 68 73 74 75 81 84 87 93 
4 5 6 16 18 25 30 31 35 36 41 43 50 55 59 69 76 78 86 88 90 94 95 96 100 


7 8 9 10 11 26 27 28 29 30 31 44 45 46 47 48 50 60 61 62 63 64 77 79 80 81 84 97 98 99 100 
13 14 15 16 17 18 32 33 34 35 36 49 51 52 53 54 55 65 66 67 68 69 82 83 85 86 87 88 90 


19 20 21 22 23 24 25 26 27 28 29 30 31 32 33 34 35 36 75 78 79 80 84 85 87 88 89 90 97 100 
37 38 39 40 41 42 43 44 45 46 47 48 49 50 51 52 53 54 55 91 92 93 94 95 96 98 99 


56 57 58 59 60 61 62 63 64 65 66 67 68 69 75 78 79 80 84 85 87 88 90 91 92 93 94 95 96 98 99 
70 71 72 73 74 76 77 81 82 83 86 89 97 100 


30







1 4 5 7 12 16 19 25 28 37 41 43 46 51 55 58 59 61 70 71 77 79 82 86 87 92 95 97 98 99 100 
2 6 8 11 13 17 20 23 24 26 30 31 34 35 38 42 44 48 49 52 53 56 62 66 67 72 78 83 89 93 96 


3 4 9 11 14 21 23 27 28 32 34 39 45 46 50 51 52 57 58 63 68 73 75 81 84 87 91 92 93 98 100 
5 6 10 15 16 17 22 24 30 33 35 40 41 42 48 53 59 64 66 69 70 74 77 80 85 86 89 94 95 99 


7 8 9 10 11 25 26 27 28 30 43 44 45 46 48 60 61 62 63 64 66 76 78 79 80 81 96 97 98 99 100 
12 13 14 15 16 17 29 31 32 33 34 35 47 49 50 51 52 53 65 67 68 69 70 82 83 84 85 86 87 89 


18 19 20 21 22 23 24 25 26 27 28 29 30 31 32 33 34 35 75 77 79 81 87 88 89 91 92 93 96 98 99 
36 37 38 39 40 41 42 43 44 45 46 47 48 49 50 51 52 53 90 94 95 97 100 


54 55 56 57 58 59 60 61 62 63 64 65 66 67 68 69 70 75 77 79 81 87 89 90 94 95 97 100 
71 72 73 74 76 78 80 82 83 84 85 86 88 91 92 93 96 98 99 


30








1 5 8 11 16 20 23 24 27 32 35 38 45 53 57 61 64 68 69 73 80 83 84 87 89 93 98 
2 6 9 13 14 17 18 21 25 28 31 33 36 39 42 43 46 50 51 54 55 58 62 65 70 74 77 81 90 94 97 


3 10 11 15 16 17 22 23 29 31 34 35 36 40 42 47 52 53 54 59 66 71 78 79 80 85 86 87 96 
4 5 6 13 18 24 25 30 41 43 48 50 55 60 61 62 67 68 72 73 74 81 91 92 93 94 98 99 


7 8 9 10 11 13 26 27 28 29 30 31 44 45 46 47 48 50 63 64 65 66 67 68 82 83 84 85 86 87 100 
12 14 15 16 17 18 32 33 34 35 36 49 51 52 53 54 55 69 70 71 72 73 74 88 89 90 91 92 93 94 


19 20 21 22 23 24 25 26 27 28 29 30 31 32 33 34 35 36 75 77 78 81 82 83 85 91 95 97 99 
37 38 39 40 41 42 43 44 45 46 47 48 49 50 51 52 53 54 55 96 98 100 


56 57 58 59 60 61 62 63 64 65 66 67 68 69 70 71 72 73 74 75 77 78 81 82 83 85 91 96 98 100 
76 79 80 84 86 87 88 89 90 92 93 94 95 97 99 


30









1 4 5 7 16 19 23 25 33 36 40 42 45 47 50 51 52 58 67 70 75 79 84 86 90 93 96 99 
2 8 11 12 13 17 20 26 30 31 34 35 37 43 48 53 56 59 63 64 68 71 76 81 82 87 88 91 94 98 


3 4 9 11 14 21 27 32 33 34 38 44 45 49 50 54 56 60 65 72 77 83 84 90 95 96 100 
5 10 12 15 16 17 22 23 28 30 35 39 40 51 55 61 63 66 67 68 73 78 79 81 89 91 98 


6 7 8 9 10 11 12 24 25 26 27 28 30 41 42 43 44 45 57 58 59 60 61 63 80 81 83 84 92 96 99 
13 14 15 16 17 29 31 32 33 34 35 46 47 48 49 50 51 62 64 65 66 67 68 82 85 86 87 89 91 97 100 


18 19 20 21 22 23 24 25 26 27 28 29 30 31 32 33 34 35 69 70 71 72 73 81 82 93 94 95 98 99 
36 37 38 39 40 41 42 43 44 45 46 47 48 49 50 51 88 90 92 96 97 100 


52 53 54 55 56 57 58 59 60 61 62 63 64 65 66 67 68 69 70 71 72 73 81 82 88 90 92 96 97 100 
74 75 76 77 78 79 80 83 84 85 86 87 89 91 93 94 95 98 99 


30










